283 10
477 6
591 39
682 2
705 23
737 12
802 33
876 5
927 41
952 48
1072 28
1120 38
1271 22
1360 14
1366 30
1379 24
1459 1
1466 38
1547 41
1767 49
2118 48
2139 47
2681 15
2793 9
2864 3
3330 29
3358 43
3453 10
3710 48
3721 37
3826 9
3868 18
3883 24
3904 2
4067 48
4258 30
4423 21
4444 27
4639 16
4905 32
5247 26
5298 27
5324 29
5446 38
5782 16
5785 42
5946 30
5977 4
6331 45
6394 28
6478 7
6560 26
6562 44
7074 6
7177 8
7232 44
7271 12
7626 45
7847 16
8063 33
8105 11
8242 42
8644 11
8721 39
9043 8
9187 38
9703 16
9721 15
9841 4
9887 12
9938 4
9946 24
10027 26
10048 1
10142 44
10168 37
10237 28
10375 35
10519 39
10534 30
10638 50
10724 27
10783 41
